1.17,57,46,43,
1.26,57,46,43,
1.31,57,46,43,
1.37,57,46,43,
1.76,57,46,43,
2.16,57,46,43,
2.55,57,46,43,
3.38,57,46,43,
3.75,52,46,43,
4.14,47,46,43,
4.55,46,46,43,
5.00,43,46,43,
5.39,42,46,43,
5.78,42,46,43,
6.16,42,46,43,
6.96,43,46,43,
7.76,46,46,43,
8.15,48,46,43,
8.56,50,46,43,
8.96,52,46,43,
9.37,52,46,43,
10.21,55,46,43,
10.57,56,46,43,
11.36,59,46,43,
11.80,60,46,43,
12.20,58,45,43,
12.54,57,44,43,
13.75,57,47,43,
14.15,57,49,43,
14.97,60,50,43,
15.76,60,53,43,
16.16,62,53,43,
16.97,60,58,43,
18.15,54,58,43,
18.56,56,58,43,
19.75,61,55,43,
20.16,64,55,43,
20.53,62,55,43,
20.97,60,56,43,
21.38,60,57,43,
22.15,61,57,43,
22.56,64,59,43,
22.96,60,60,43,
23.35,58,60,44,
23.75,58,58,44,
24.14,60,53,44,
24.54,61,48,50,
24.95,61,49,50,
25.33,60,47,57,
25.76,61,53,57,
26.14,61,51,
26.94,63,54,60,
27.35,61,56,
27.74,61,54,55,
28.56,59,57,56,
28.94,59,56,58,
29.35,60,55,57,
29.75,59,53,54,
30.55,57,57,51,
30.95,56,59,50,
31.76,56,59,57,
32.14,58,56,58,
32.55,58,55,59,
32.93,56,54,
33.34,56,54,
34.13,55,56,
34.54,56,56,58,
35.34,55,59,57,
35.75,55,57,58,
36.13,55,54,57,
36.53,55,56,56,
36.93,56,53,55,
37.33,55,49,54,
38.14,56,49,51,
38.53,56,47,51,
38.93,55,47,50,
40.14,59,60,49,
40.53,60,58,49,
40.94,59,54,52,
41.72,59,56,53,
42.13,58,55,50,
42.53,56,61,50,
42.92,57,60,48,
43.32,58,58,51,
43.73,58,56,54,
44.14,57,52,60,
44.53,58,50,59,
45.36,61,55,56,
45.72,65,56,53,
48.13,72,
48.52,72,
48.92,72,
49.33,72,
50.52,72,
50.93,72,
51.31,71,
