1.22,52,47,42,
1.27,52,47,42,
1.33,52,47,42,
1.44,52,47,42,
1.85,52,47,42,
2.26,52,47,42,
2.67,52,47,42,
3.05,52,47,42,
3.46,42,47,42,
4.28,50,47,42,
4.61,45,48,42,
5.04,42,48,42,
5.41,41,48,42,
5.85,40,47,42,
6.25,40,48,42,
6.62,40,48,42,
7.03,42,47,42,
7.82,45,47,42,
8.26,47,47,42,
8.65,49,47,42,
9.06,51,47,42,
9.45,52,47,42,
9.82,53,47,42,
10.25,55,47,42,
11.04,56,47,42,
11.41,58,47,42,
11.82,60,47,42,
12.21,61,48,42,
12.64,59,48,42,
13.03,58,49,42,
13.43,55,50,42,
13.83,54,50,42,
14.24,57,53,42,
14.62,60,58,42,
15.02,61,60,42,
15.43,62,60,42,
16.22,62,55,40,
16.63,59,50,41,
17.42,58,53,44,
17.82,57,53,45,
18.23,58,52,48,
18.63,54,50,49,
19.02,53,51,49,
19.43,51,53,51,
19.83,54,53,53,
20.22,54,55,54,
20.65,53,57,50,
21.03,53,57,50,
21.42,52,56,53,
21.83,53,54,53,
22.23,56,52,53,
22.61,55,51,53,
23.01,54,52,55,
23.42,54,54,55,
23.82,57,55,52,
24.22,59,58,52,
24.62,59,64,53,
25.03,57,60,55,
25.41,55,58,56,
25.82,56,60,58,
27.42,61,60,
27.82,61,
28.61,61,61,
29.01,59,62,60,
29.43,61,60,58,
29.82,61,
30.22,62,60,56,
30.62,61,
31.00,59,58,56,
31.41,58,55,57,
31.81,56,54,56,
32.22,55,59,54,
32.62,55,60,54,
33.00,54,57,56,
33.41,57,53,56,
33.83,56,56,
34.21,55,58,
34.61,56,62,
35.01,55,60,
35.42,55,58,
35.80,57,56,
36.20,56,56,
36.61,56,55,
37.01,57,53,
37.40,57,51,
37.80,56,50,
38.18,56,53,
38.60,57,56,
39.01,56,56,
39.80,57,57,
40.20,54,55,
40.59,54,58,
40.99,54,58,61,
41.40,54,59,61,
42.19,55,
42.59,55,
43.41,58,57,56,
43.79,60,53,56,
44.19,58,58,57,
44.60,58,60,57,
45.39,58,59,61,
45.79,57,60,56,
46.20,59,59,56,
47.01,56,59,58,
47.39,54,58,
47.80,54,56,
48.20,55,59,
48.60,54,59,60,
48.99,53,60,59,
49.39,53,58,59,
49.80,52,56,59,
50.20,53,59,58,
50.59,53,58,55,
51.01,53,57,56,
51.39,54,57,56,
51.80,54,57,
52.18,54,57,
52.59,55,55,61,
52.99,54,56,60,
53.40,54,59,
53.78,56,59,59,
54.19,56,61,56,
54.59,56,59,54,
55.38,57,57,54,
55.78,58,55,54,
56.19,55,53,57,
56.57,54,57,53,
56.98,55,59,52,
57.38,56,57,51,
57.79,56,57,57,
58.18,57,57,55,
58.58,58,58,52,
58.98,58,55,49,
59.39,58,48,49,
59.77,57,43,49,
60.18,45,50,48,
60.58,51,52,46,
60.98,55,49,46,
62.20,65,59,51,
64.17,71,63,53,
64.58,75,63,53,
